######################################################################
# Observables
# use one of the following formats:
# Observable  name th label min max (no)MCMC weight ave errg errf
# Observable  name th label min max (no)MCMC file filename histoname
# Observable  name th label min max  noMCMC  noweight
#
# BinnedObservables:
# use one of the following formats:
# BinnedObservable  name th label min max (no)MCMC weight ave errg errf bin_min bin_max
# BinnedObservable  name th label min max (no)MCMC file filename histoname bin_min bin_max
# BinnedObservable  name th label min max  noMCMC  noweight bin_min bin_max
#
# Observables2D
# use one of the following formats:
# Observable2D  name th1 label1 min1 max1 noMCMC noweight th2 label2 min2 max2
# Observable2D  name th1 label1 min1 max1 MCMC file filename histoname th2 label2 min2 max2
#
# The keyword "CorrelatedGaussianObservables name Nobs" initializes a set
# of Nobs correlated observables. It must be followed by exactly Nobs
# Observable lines and then by Nobs lines of Nobs numbers (the corr matrix).
#---------------------------------------------------------------------
######################################################################
CorrelatedGaussianObservables LQBIN1_p 8
BinnedObservable   F_L_LQ1_p    F_L_BpKstmu    F_L    -0.248      0.932      MCMC   weight   0.342   0.118   0.   0.1   0.98
BinnedObservable   S_3_LQ1_p    S_3_BpKstmu    S_3    -0.598      0.892      MCMC   weight   0.147   0.149   0.   0.1   0.98
BinnedObservable   S_4_LQ1_p    S_4_BpKstmu    S_4    -0.881      0.809      MCMC   weight   -0.036   0.169   0.   0.1   0.98
BinnedObservable   S_5_LQ1_p    S_5_BpKstmu    S_5    -0.465      0.915      MCMC   weight   0.225   0.138   0.   0.1   0.98
BinnedObservable   A_FB_LQ1_p   A_FB_BpKstmu   A_FB   -0.669      0.561      MCMC   weight   -0.054   0.123   0.   0.1   0.98
BinnedObservable   S_7_LQ1_p    S_7_BpKstmu    S_7    -0.905      0.905      MCMC   weight   -0.000   0.181   0.   0.1   0.98
BinnedObservable   S_8_LQ1_p    S_8_BpKstmu    S_8    -0.837      1.283      MCMC   weight   0.223   0.212   0.   0.1   0.98
BinnedObservable   S_9_LQ1_p    S_9_BpKstmu    S_9    -0.434      1.016      MCMC   weight   0.291   0.145   0.   0.1   0.98
1.00		0.043		-0.010		0.029		0.045		0.125		-0.005		-0.113
0.043		1.00		-0.025		0.117		-0.015		0.018		0.059		0.025
-0.010		-0.025		1.00		-0.270		-0.091		-0.253		0.236		-0.061
0.029		0.117		-0.270		1.00		0.103		0.216		-0.177		0.060
0.045		-0.015		-0.091		0.103		1.00		0.186		-0.273		-0.064
0.125		0.018		-0.253		0.216		0.186		1.00		-0.349		0.220
-0.005		0.059		0.236		-0.177		-0.273		-0.349		1.00		-0.089
-0.113		0.025		-0.061		0.060		-0.064		0.220		-0.089		1.00
#
CorrelatedGaussianObservables LQBIN2_p 8
BinnedObservable   F_L_LQ2_p    F_L_BpKstmu    F_L    -0.461      1.569      MCMC   weight   0.554   0.203   0.   1.1   2.5
BinnedObservable   S_3_LQ2_p    S_3_BpKstmu    S_3    -2.799      4.101      MCMC   weight   0.651   0.690   0.   1.1   2.5
BinnedObservable   S_4_LQ2_p    S_4_BpKstmu    S_4    -1.228      1.872      MCMC   weight   0.322   0.310   0.   1.1   2.5
BinnedObservable   S_5_LQ2_p    S_5_BpKstmu    S_5    -1.286      2.224      MCMC   weight   0.469   0.351   0.   1.1   2.5
BinnedObservable   A_FB_LQ2_p   A_FB_BpKstmu   A_FB   -1.283      0.837      MCMC   weight   -0.223   0.212   0.   1.1   2.5
BinnedObservable   S_7_LQ2_p    S_7_BpKstmu    S_7    -2.673      2.567      MCMC   weight   -0.053   0.524   0.   1.1   2.5
BinnedObservable   S_8_LQ2_p    S_8_BpKstmu    S_8    -1.859      2.001      MCMC   weight   0.071   0.386   0.   1.1   2.5
BinnedObservable   S_9_LQ2_p    S_9_BpKstmu    S_9    -1.596      1.754      MCMC   weight   0.079   0.335   0.   1.1   2.5
1.00		0.165		-0.047		0.107		0.115		0.040		-0.102		-0.028
0.165		1.00		0.056		0.093		-0.025		0.135		-0.013		-0.115
-0.047		0.056		1.00		-0.018		0.172		0.050		0.325		0.089
0.107		0.093		-0.018		1.00		0.196		0.221		-0.058		0.039
0.115		-0.025		0.172		0.196		1.00		0.203		0.114		0.116
0.040		0.135		0.050		0.221		0.203		1.00		0.062		0.162
-0.102		-0.013		0.325		-0.058		0.114		0.062		1.00		0.215
-0.028		-0.115		0.089		0.039		0.116		0.162		0.215		1.00
#
CorrelatedGaussianObservables LQBIN3_p 8
BinnedObservable   F_L_LQ3_p    F_L_BpKstmu    F_L    -1.285      1.545      MCMC   weight   0.130   0.283   0.   2.5   4.
BinnedObservable   S_3_LQ3_p    S_3_BpKstmu    S_3    -2.618      2.652      MCMC   weight   0.017   0.527   0.   2.5   4.
BinnedObservable   S_4_LQ3_p    S_4_BpKstmu    S_4    -2.716      1.954      MCMC   weight   -0.381   0.467   0.   2.5   4.
BinnedObservable   S_5_LQ3_p    S_5_BpKstmu    S_5    -2.119      1.511      MCMC   weight   -0.304   0.363   0.   2.5   4.
BinnedObservable   A_FB_LQ3_p   A_FB_BpKstmu   A_FB   -1.305      1.385      MCMC   weight   0.040   0.269   0.   2.5   4.
BinnedObservable   S_7_LQ3_p    S_7_BpKstmu    S_7    -3.208      2.702      MCMC   weight   -0.253   0.591   0.   2.5   4.
BinnedObservable   S_8_LQ3_p    S_8_BpKstmu    S_8    -3.188      3.442      MCMC   weight   0.127   0.663   0.   2.5   4.
BinnedObservable   S_9_LQ3_p    S_9_BpKstmu    S_9    -1.538      2.202      MCMC   weight   0.332   0.374   0.   2.5   4.
1.00		0.165		-0.047		0.107		0.115		0.040		-0.102		-0.028
0.165		1.00		0.056		0.093		-0.025		0.135		-0.013		-0.115
-0.047		0.056		1.00		-0.018		0.172		0.050		0.325		0.089
0.107		0.093		-0.018		1.00		0.196		0.221		-0.058		0.039
0.115		-0.025		0.172		0.196		1.00		0.203		0.114		0.116
0.040		0.135		0.050		0.221		0.203		1.00		0.062		0.162
-0.102		-0.013		0.325		-0.058		0.114		0.062		1.00		0.215
-0.028		-0.115		0.089		0.039		0.116		0.162		0.215		1.00
#
CorrelatedGaussianObservables LQBIN4_p 8
BinnedObservable   F_L_LQ4_p    F_L_BpKstmu    F_L    0.011      1.311      MCMC   weight   0.661   0.130   0.   4.   6.
BinnedObservable   S_3_LQ4_p    S_3_BpKstmu    S_3    -1.097      0.653      MCMC   weight   -0.222   0.175   0.   4.   6.
BinnedObservable   S_4_LQ4_p    S_4_BpKstmu    S_4    -1.185      0.515      MCMC   weight   -0.335   0.170   0.   4.   6.
BinnedObservable   S_5_LQ4_p    S_5_BpKstmu    S_5    -0.978      0.702      MCMC   weight   -0.138   0.168   0.   4.   6.
BinnedObservable   A_FB_LQ4_p   A_FB_BpKstmu   A_FB   -0.553      0.397      MCMC   weight   -0.078   0.095   0.   4.   6.
BinnedObservable   S_7_LQ4_p    S_7_BpKstmu    S_7    -1.023      0.917      MCMC   weight   -0.053   0.194   0.   4.   6.
BinnedObservable   S_8_LQ4_p    S_8_BpKstmu    S_8    -1.161      0.999      MCMC   weight   -0.081   0.216   0.   4.   6.
BinnedObservable   S_9_LQ4_p    S_9_BpKstmu    S_9    -1.609      1.151      MCMC   weight   -0.229   0.276   0.   4.   6.
1.00		0.201		-0.091		-0.091		0.073		0.008		0.155		-0.034
0.201		1.00		-0.076		-0.100		0.026		0.109		0.174		0.031
-0.091		-0.076		1.00		-0.081		-0.152		0.072		-0.035		0.048
-0.091		-0.100		-0.081		1.00		-0.173		-0.017		0.092		-0.024
0.073		0.026		-0.152		-0.173		1.00		-0.041		-0.027		-0.011
0.008		0.109		0.072		-0.017		-0.041		1.00		0.089		0.088
0.155		0.174		-0.035		0.092		-0.027		0.089		1.00		-0.081
-0.034		0.031		0.048		-0.024		-0.011		0.088		-0.081		1.00
#
CorrelatedGaussianObservables LQBIN5_p 8
BinnedObservable   F_L_LQ5_p    F_L_BpKstmu    F_L    -0.625      1.395      MCMC   weight   0.385   0.202   0.   6.   8.
BinnedObservable   S_3_LQ5_p    S_3_BpKstmu    S_3    -1.118      0.652      MCMC   weight   -0.233   0.177   0.   6.   8.
BinnedObservable   S_4_LQ5_p    S_4_BpKstmu    S_4    -1.166      0.764      MCMC   weight   -0.201   0.193   0.   6.   8.
BinnedObservable   S_5_LQ5_p    S_5_BpKstmu    S_5    -0.984      0.806      MCMC   weight   -0.089   0.179   0.   6.   8.
BinnedObservable   A_FB_LQ5_p   A_FB_BpKstmu   A_FB   -0.654      0.536      MCMC   weight   -0.059   0.119   0.   6.   8.
BinnedObservable   S_7_LQ5_p    S_7_BpKstmu    S_7    -1.200      0.510      MCMC   weight   -0.345   0.171   0.   6.   8.
BinnedObservable   S_8_LQ5_p    S_8_BpKstmu    S_8    -1.021      0.669      MCMC   weight   -0.176   0.169   0.   6.   8.
BinnedObservable   S_9_LQ5_p    S_9_BpKstmu    S_9    -1.127      0.923      MCMC   weight   -0.102   0.205   0.   6.   8.
1.00		0.263		-0.014		0.068		0.011		-0.043		0.062		0.054
0.263		1.00		0.013		-0.035		-0.053		0.083		-0.043		-0.004
-0.014		0.013		1.00		0.352		0.022		-0.054		-0.028		-0.101
0.068		-0.035		0.352		1.00		0.022		-0.106		-0.071		-0.166
0.011		-0.053		0.022		0.022		1.00		-0.048		-0.192		-0.134
-0.043		0.083		-0.054		-0.106		-0.048		1.00		-0.102		-0.055
0.062		-0.043		-0.028		-0.071		-0.192		-0.102		1.00		0.035
0.054		-0.004		-0.101		-0.166		-0.134		-0.055		0.035		1.00
######################
#
#    B -> K* E E
#
######################
###  arXiv:1501.03038 & arXiv:2010.06011
BinnedObservable  BR_Kste BR_BdKste  BF   -1.9e-7 8.1e-7 MCMC  weight  3.1e-7  0.9e-7  0.   0.03    1.
CorrelatedGaussianObservables BKst_e_LQ 4
BinnedObservable F_L_e F_L_BdKste F_L -0.106 0.194 MCMC weight 0.044 0.030 0. 0.0008 0.257
BinnedObservable P_2_e P_2_BdKste P_2 -0.28 0.22 MCMC weight -0.03 0.04 0. 0.0008 0.257
BinnedObservable P_1_e P_1_BdKste P_1 -0.29 0.51 MCMC weight  0.11 0.10 0. 0.0008 0.257
BinnedObservable P_3_e P_3_BdKste P_3 -0.26 0.24 MCMC weight -0.01 0.05 0. 0.0008 0.257
1.00   -0.02 -0.01 0.02
-0.02   1.00  0.05 0.02
-0.01   0.05  1.00  0.10
0.02    0.02   0.10  1.00
######################
#
#    B -> K* GAMMA (K*+ added)
#
######################
### HFLAV (	UPDATED    )
Observable BR_BKstgamma  BR_BKstgamma  BR_BKstgamma  3.28e-5 4.78e-5 MCMC weight 4.18e-5 0.12e-5 0.
Observable BR_BpKstgamma BR_BpKstgamma BR_BpKstgamma 3.27e-5 4.57e-5 MCMC weight 3.92e-5 0.13e-5 0.
